Point: [1.0, 2.5, 1.9] its sum of distances to other points: 18.090328223916657
Point: [2.1, 1.6, 3.4] its sum of distances to other points: 10.681500849353121
